#siz	10,20

#one{	0
	00	00	00	00	00	00	00	00	00	00
	00	03	03	03	03	03	03	03	03	00
	00	03	03	03	03	03	03	03	03	00
	00	03	03	03	03	03	03	03	03	00
	00	03	03	03	03	03	03	03	03	00
	00	03	03	03	03	03	03	03	03	00
	00	03	03	03	03	03	03	03	03	00
	00	03	03	03	03	03	03	03	03	00
	00	03	03	03	03	03	03	03	03	00
	00	03	03	03	03	03	03	03	03	00
	00	03	03	03	03	03	03	03	03	00
	00	03	03	03	03	03	03	03	03	00
	00	03	03	03	03	03	03	03	03	00
	00	03	03	03	03	03	03	03	03	00
	00	03	03	03	03	03	03	03	03	00
	00	03	03	03	03	03	03	03	03	00
	00	03	03	03	03	03	03	03	03	00
	00	03	03	03	03	03	03	03	03	00
	00	03	03	03	03	03	03	03	03	00
	00	00	00	00	00	00	00	00	00	00
}
#item{	3
	0,5,2
	1,5,3
	2,5,4
}
#event{	1
}